Length of each array = 30 (equal to the number of classes in the dataset)

Index of the array indicates the class number


Count_of_True_Positives =  [156, 147, 153, 152, 225, 240, 246, 232, 223, 175, 141, 243, 147, 241, 225, 221, 231, 215, 214, 224, 177, 230, 236, 213, 173, 243, 252, 152, 239, 220]

Count_of_False_Postives =  [103, 63, 8, 10, 22, 35, 9, 10, 32, 25, 6, 7, 10, 25, 21, 5, 22, 8, 3, 4, 13, 9, 2, 20, 105, 15, 27, 15, 10, 5]

Actual_Class_Count =  [176, 158, 166, 180, 253, 257, 271, 253, 251, 180, 150, 267, 162, 259, 252, 262, 246, 248, 259, 239, 186, 244, 249, 267, 193, 264, 272, 165, 256, 250]


Precision =  [0.6023166023166023, 0.7, 0.9503105590062112, 0.9382716049382716, 0.9109311740890689, 0.8727272727272727, 0.9647058823529412, 0.9586776859504132, 0.8745098039215686, 0.875, 0.9591836734693877, 0.972, 0.9363057324840764, 0.9060150375939849, 0.9146341463414634, 0.9778761061946902, 0.9130434782608695, 0.9641255605381166, 0.9861751152073732, 0.9824561403508771, 0.9315789473684211, 0.9623430962343096, 0.9915966386554622, 0.9141630901287554, 0.6223021582733813, 0.9418604651162791, 0.9032258064516129, 0.9101796407185628, 0.9598393574297188, 0.9777777777777777]


Recall =  [0.8863636363636364, 0.930379746835443, 0.9216867469879518, 0.8444444444444444, 0.8893280632411067, 0.933852140077821, 0.9077490774907749, 0.9169960474308301, 0.8884462151394422, 0.9722222222222222, 0.94, 0.9101123595505618, 0.9074074074074074, 0.9305019305019305, 0.8928571428571429, 0.8435114503816794, 0.9390243902439024, 0.8669354838709677, 0.8262548262548263, 0.9372384937238494, 0.9516129032258065, 0.9426229508196722, 0.9477911646586346, 0.797752808988764, 0.8963730569948186, 0.9204545454545454, 0.9264705882352942, 0.9212121212121213, 0.93359375, 0.88]

