Length of each array = 30 (equal to the number of classes in the dataset)

Index of the array indicates the class number


Count_of_True_Positives = [169, 152, 162, 170, 243, 228, 251, 245, 239, 174, 149, 247, 155, 256, 227, 241, 227, 217, 248, 227, 180, 231, 237, 230, 176, 249, 263, 160, 245, 237]

Count_of_False_Positives =  [14, 19, 8, 12, 46, 2, 20, 8, 45, 1, 5, 1, 6, 24, 8, 3, 5, 6, 44, 10, 8, 5, 4, 17, 23, 14, 9, 10, 6, 17]

Actual_Class_Count =  [176, 158, 166, 180, 253, 257, 271, 253, 251, 180, 150, 267, 162, 259, 252, 262, 246, 248, 259, 239, 186, 244, 249, 267, 193, 264, 272, 165, 256, 250]

Precision_in_Fraction =  [0.9234972677595629, 0.8888888888888888, 0.9529411764705882, 0.9340659340659341, 0.8408304498269896, 0.991304347826087, 0.9261992619926199, 0.9683794466403162, 0.8415492957746479, 0.9942857142857143, 0.9675324675324676, 0.9959677419354839, 0.9627329192546584, 0.9142857142857143, 0.9659574468085106, 0.9877049180327869, 0.978448275862069, 0.9730941704035875, 0.8493150684931506, 0.9578059071729957, 0.9574468085106383, 0.9788135593220338, 0.983402489626556, 0.9311740890688259, 0.8844221105527639, 0.9467680608365019, 0.9669117647058824, 0.9411764705882353, 0.9760956175298805, 0.9330708661417323]

Recall_in_Fraction =  [0.9602272727272727, 0.9620253164556962, 0.9759036144578314, 0.9444444444444444, 0.9604743083003953, 0.8871595330739299, 0.9261992619926199, 0.9683794466403162, 0.952191235059761, 0.9666666666666667, 0.9933333333333333, 0.9250936329588015, 0.9567901234567902, 0.9884169884169884, 0.9007936507936508, 0.9198473282442748, 0.9227642276422764, 0.875, 0.9575289575289575, 0.9497907949790795, 0.967741935483871, 0.9467213114754098, 0.9518072289156626, 0.8614232209737828, 0.9119170984455959, 0.9431818181818182, 0.9669117647058824, 0.9696969696969697, 0.95703125, 0.948]

