Length of each array = 30 (equal to the number of classes in the dataset)

Index of the array indicates the class number


True_Positives =  [159, 138, 156, 163, 226, 243, 256, 237, 216, 174, 139, 248, 147, 239, 231, 242, 219, 220, 229, 231, 179, 225, 240, 234, 165, 246, 262, 155, 239, 224]

False_Positives =  [12, 13, 14, 9, 20, 35, 24, 22, 37, 19, 8, 30, 5, 15, 44, 32, 10, 11, 18, 12, 7, 10, 9, 38, 11, 19, 43, 12, 6, 8]

Actual_Class_Count =  [176, 158, 166, 180, 253, 257, 271, 253, 251, 180, 150, 267, 162, 259, 252, 262, 246, 248, 259, 239, 186, 244, 249, 267, 193, 264, 272, 165, 256, 250]

Precision =  [0.9298245614035088, 0.9139072847682119, 0.9176470588235294, 0.9476744186046512, 0.9186991869918699, 0.8741007194244604, 0.9142857142857143, 0.915057915057915, 0.8537549407114624, 0.9015544041450777, 0.9455782312925171, 0.8920863309352518, 0.9671052631578947, 0.9409448818897638, 0.84, 0.8832116788321168, 0.9563318777292577, 0.9523809523809523, 0.9271255060728745, 0.9506172839506173, 0.9623655913978495, 0.9574468085106383, 0.963855421686747, 0.8602941176470589, 0.9375, 0.9283018867924528, 0.8590163934426229, 0.9281437125748503, 0.9755102040816327, 0.9655172413793104]

Recall =  [0.9034090909090909, 0.8734177215189873, 0.9397590361445783, 0.9055555555555556, 0.8932806324110671, 0.9455252918287937, 0.9446494464944649, 0.9367588932806324, 0.8605577689243028, 0.9666666666666667, 0.9266666666666666, 0.9288389513108615, 0.9074074074074074, 0.9227799227799228, 0.9166666666666666, 0.9236641221374046, 0.8902439024390244, 0.8870967741935484, 0.8841698841698842, 0.9665271966527197, 0.9623655913978495, 0.9221311475409836, 0.963855421686747, 0.8764044943820225, 0.8549222797927462, 0.9318181818181818, 0.9632352941176471, 0.9393939393939394, 0.93359375, 0.896]

