Length of each array = 30 (equal to the number of classes in the dataset)

Index of the array indicates the class number

Count_of_True_Positives =  [164, 149, 156, 168, 220, 243, 252, 231, 226, 169, 142, 249, 144, 233, 221, 241, 232, 220, 226, 223, 174, 239, 235, 220, 173, 250, 254, 151, 238, 219]

Count_of_False_Positives =  [46, 12, 16, 16, 12, 28, 45, 21, 13, 12, 3, 34, 5, 19, 25, 20, 13, 19, 6, 11, 26, 30, 6, 18, 28, 27, 37, 9, 11, 5]

Actual_Class_Count =  [176, 158, 166, 180, 253, 257, 271, 253, 251, 180, 150, 267, 162, 259, 252, 262, 246, 248, 259, 239, 186, 244, 249, 267, 193, 264, 272, 165, 256, 250]


Precision_in_Fraction =  [0.780952380952381, 0.9254658385093167, 0.9069767441860465, 0.9130434782608695, 0.9482758620689655, 0.8966789667896679, 0.8484848484848485, 0.9166666666666666, 0.9456066945606695, 0.9337016574585635, 0.9793103448275862, 0.8798586572438163, 0.9664429530201343, 0.9246031746031746, 0.8983739837398373, 0.9233716475095786, 0.9469387755102041, 0.9205020920502092, 0.9741379310344828, 0.9529914529914529, 0.87, 0.8884758364312267, 0.975103734439834, 0.9243697478991597, 0.8606965174129353, 0.9025270758122743, 0.872852233676976, 0.94375, 0.9558232931726908, 0.9776785714285714]


Recall_in_Fraction =  [0.9318181818181818, 0.9430379746835443, 0.9397590361445783, 0.9333333333333333, 0.8695652173913043, 0.9455252918287937, 0.9298892988929889, 0.9130434782608695, 0.900398406374502, 0.9388888888888889, 0.9466666666666667, 0.9325842696629213, 0.8888888888888888, 0.8996138996138996, 0.876984126984127, 0.9198473282442748, 0.943089430894309, 0.8870967741935484, 0.8725868725868726, 0.9330543933054394, 0.9354838709677419, 0.9795081967213115, 0.9437751004016064, 0.8239700374531835, 0.8963730569948186, 0.946969696969697, 0.9338235294117647, 0.9151515151515152, 0.9296875, 0.876]
